"Suchergebnisse"

"Zusammenfassung"
"Gespeichert am";"20.05.2023 05:50:57"
"Gesucht nach";"A 1685"
"In Index(en)";"D:\_OA\Indice\Index.pdx"
"Anzahl gefundener Dokumente";"0"              
"Anzahl gefundener Vorkommen";"0"              
