"Suchergebnisse"

"Zusammenfassung"
"Gespeichert am";"29.05.2023 21:02:19"
"Gesucht nach";"A 5109"
"In Index(en)";"D:\_OA\Indice\Index.pdx"
"Anzahl gefundener Dokumente";"0"              
"Anzahl gefundener Vorkommen";"0"              
