"Suchergebnisse"

"Zusammenfassung"
"Gespeichert am";"12.06.2023 20:59:35"
"Gesucht nach";"LB 1933"
"In Index(en)";"D:\_OA\Indice\Index.pdx"
"Anzahl gefundener Dokumente";"0"              
"Anzahl gefundener Vorkommen";"0"              
