"Suchergebnisse"

"Zusammenfassung"
"Gespeichert am";"15.06.2023 20:45:51"
"Gesucht nach";"LB 305"
"In Index(en)";"D:\_OA\Indice\Index.pdx"
"Anzahl gefundener Dokumente";"0"              
"Anzahl gefundener Vorkommen";"0"              
