"Suchergebnisse"

"Zusammenfassung"
"Gespeichert am";"14.06.2023 05:36:04"
"Gesucht nach";"LB 3015"
"In Index(en)";"D:\_OA\Indice\Index.pdx"
"Anzahl gefundener Dokumente";"0"              
"Anzahl gefundener Vorkommen";"0"              
