"Suchergebnisse"

"Zusammenfassung"
"Gespeichert am";"16.06.2023 23:37:07"
"Gesucht nach";"LB 447"
"In Index(en)";"D:\_OA\Indice\Index.pdx"
"Anzahl gefundener Dokumente";"0"              
"Anzahl gefundener Vorkommen";"0"              
